Moe
2
8
0 1 1 1 1
2 2 2 2
0 0 0 0
0 0 0 0
0 0 0 0
1033 319 1 339 1 6 0
850 399 7 21 1 6 0
721 623 5 274 2 3 1
644 320 4 309 0 8 0
517 143 5 156 0 8 0
83 314 3 71 0 8 0
736 414 8 225 0 8 0
974 477 8 94 0 8 0
901.531677 439.037811 0 1 2
909.847351 447.048645 0 1 2
871.991882 466.008636 0 1 2
882.119080 475.878601 0 1 2
842.452087 492.979462 0 1 2
812.912292 519.950378 0 1 2
783.372498 546.921570 0 1 2
753.832703 573.892761 0 1 2
724.292908 600.863403 0 1 2
0.000000 0.000000 3 1 2
0.000000 0.000000 0 0 0
0.000000 0.000000 0 0 0
0.000000 0.000000 0 0 0
0.000000 0.000000 0 0 0
0.000000 0.000000 0 0 0
0.000000 0.000000 0 0 0
0.000000 0.000000 0 0 0
0.000000 0.000000 0 0 0
0.000000 0.000000 0 0 0
0.000000 0.000000 0 0 0
0.000000 0.000000 0 0 0
0.000000 0.000000 0 0 0
0.000000 0.000000 0 0 0
0.000000 0.000000 0 0 0
0.000000 0.000000 0 0 0
0.000000 0.000000 0 0 0
0.000000 0.000000 0 0 0
0.000000 0.000000 0 0 0
0.000000 0.000000 0 0 0
0.000000 0.000000 0 0 0
0.000000 0.000000 0 0 0
0.000000 0.000000 0 0 0
0.000000 0.000000 0 0 0
0.000000 0.000000 0 0 0
0.000000 0.000000 0 0 0
0.000000 0.000000 0 0 0
0.000000 0.000000 0 0 0
0.000000 0.000000 0 0 0
0.000000 0.000000 0 0 0
0.000000 0.000000 0 0 0
0.000000 0.000000 0 0 0
0.000000 0.000000 0 0 0
0.000000 0.000000 0 0 0
0.000000 0.000000 0 0 0
0.000000 0.000000 0 0 0
0.000000 0.000000 0 0 0
0.000000 0.000000 0 0 0
0.000000 0.000000 0 0 0
0.000000 0.000000 0 0 0
0.000000 0.000000 0 0 0
0.000000 0.000000 0 0 0
0.000000 0.000000 0 0 0
0.000000 0.000000 0 0 0
0.000000 0.000000 0 0 0
0.000000 0.000000 0 0 0
0.000000 0.000000 0 0 0
0.000000 0.000000 0 0 0
0.000000 0.000000 0 0 0
0.000000 0.000000 0 0 0
0.000000 0.000000 0 0 0
0.000000 0.000000 0 0 0
0.000000 0.000000 0 0 0
0.000000 0.000000 0 0 0
0.000000 0.000000 0 0 0
0.000000 0.000000 0 0 0
0.000000 0.000000 0 0 0
0.000000 0.000000 0 0 0
0.000000 0.000000 0 0 0
0.000000 0.000000 0 0 0
0.000000 0.000000 0 0 0
0.000000 0.000000 0 0 0
0.000000 0.000000 0 0 0
0.000000 0.000000 0 0 0
0.000000 0.000000 0 0 0
0.000000 0.000000 0 0 0
0.000000 0.000000 0 0 0
0.000000 0.000000 0 0 0
0.000000 0.000000 0 0 0
0.000000 0.000000 0 0 0
0.000000 0.000000 0 0 0
0.000000 0.000000 0 0 0
0.000000 0.000000 0 0 0
0.000000 0.000000 0 0 0
0.000000 0.000000 0 0 0
0.000000 0.000000 0 0 0
0.000000 0.000000 0 0 0
0.000000 0.000000 0 0 0
0.000000 0.000000 0 0 0
0.000000 0.000000 0 0 0
0.000000 0.000000 0 0 0
0.000000 0.000000 0 0 0
0.000000 0.000000 0 0 0
0.000000 0.000000 0 0 0
0.000000 0.000000 0 0 0
0.000000 0.000000 0 0 0
0.000000 0.000000 0 0 0
0.000000 0.000000 0 0 0
0.000000 0.000000 0 0 0
0.000000 0.000000 0 0 0
0.000000 0.000000 0 0 0
0.000000 0.000000 0 0 0
0.000000 0.000000 0 0 0
0.000000 0.000000 0 0 0
0.000000 0.000000 0 0 0
0.000000 0.000000 0 0 0
0.000000 0.000000 0 0 0
0.000000 0.000000 0 0 0
0.000000 0.000000 0 0 0
0.000000 0.000000 0 0 0
0.000000 0.000000 0 0 0
0.000000 0.000000 0 0 0
0.000000 0.000000 0 0 0
0.000000 0.000000 0 0 0
0.000000 0.000000 0 0 0
0.000000 0.000000 0 0 0
0.000000 0.000000 0 0 0
0.000000 0.000000 0 0 0
0.000000 0.000000 0 0 0
0.000000 0.000000 0 0 0
0.000000 0.000000 0 0 0
0.000000 0.000000 0 0 0
0.000000 0.000000 0 0 0
0.000000 0.000000 0 0 0
0.000000 0.000000 0 0 0
0.000000 0.000000 0 0 0
0.000000 0.000000 0 0 0
0.000000 0.000000 0 0 0
0.000000 0.000000 0 0 0
0.000000 0.000000 0 0 0
0.000000 0.000000 0 0 0
0.000000 0.000000 0 0 0
0.000000 0.000000 0 0 0
0.000000 0.000000 0 0 0
0.000000 0.000000 0 0 0
0.000000 0.000000 0 0 0
0.000000 0.000000 0 0 0
0.000000 0.000000 0 0 0
0.000000 0.000000 0 0 0
0.000000 0.000000 0 0 0
0.000000 0.000000 0 0 0
0.000000 0.000000 0 0 0
0.000000 0.000000 0 0 0
0.000000 0.000000 0 0 0
0.000000 0.000000 0 0 0
0.000000 0.000000 0 0 0
0.000000 0.000000 0 0 0
0.000000 0.000000 0 0 0
0.000000 0.000000 0 0 0
0.000000 0.000000 0 0 0
0.000000 0.000000 0 0 0
0.000000 0.000000 0 0 0
0.000000 0.000000 0 0 0
0.000000 0.000000 0 0 0
0.000000 0.000000 0 0 0
0.000000 0.000000 0 0 0
0.000000 0.000000 0 0 0
0.000000 0.000000 0 0 0
0.000000 0.000000 0 0 0
0.000000 0.000000 0 0 0
0.000000 0.000000 0 0 0
0.000000 0.000000 0 0 0
0.000000 0.000000 0 0 0
0.000000 0.000000 0 0 0
0.000000 0.000000 0 0 0
0.000000 0.000000 0 0 0
0.000000 0.000000 0 0 0
0.000000 0.000000 0 0 0
0.000000 0.000000 0 0 0
0.000000 0.000000 0 0 0
0.000000 0.000000 0 0 0
0.000000 0.000000 0 0 0
0.000000 0.000000 0 0 0
0.000000 0.000000 0 0 0
0.000000 0.000000 0 0 0
0.000000 0.000000 0 0 0
0.000000 0.000000 0 0 0
0.000000 0.000000 0 0 0
0.000000 0.000000 0 0 0
0.000000 0.000000 0 0 0
0.000000 0.000000 0 0 0
0.000000 0.000000 0 0 0
0.000000 0.000000 0 0 0
0.000000 0.000000 0 0 0
0.000000 0.000000 0 0 0
0.000000 0.000000 0 0 0
0.000000 0.000000 0 0 0
0.000000 0.000000 0 0 0
0.000000 0.000000 0 0 0
0.000000 0.000000 0 0 0
0.000000 0.000000 0 0 0
0.000000 0.000000 0 0 0
0.000000 0.000000 0 0 0
0.000000 0.000000 0 0 0
0.000000 0.000000 0 0 0
0.000000 0.000000 0 0 0
0.000000 0.000000 0 0 0
0.000000 0.000000 0 0 0
0.000000 0.000000 0 0 0
0.000000 0.000000 0 0 0
0.000000 0.000000 0 0 0
0.000000 0.000000 0 0 0
0.000000 0.000000 0 0 0
0.000000 0.000000 0 0 0
0.000000 0.000000 0 0 0
0.000000 0.000000 0 0 0
0.000000 0.000000 0 0 0
0.000000 0.000000 0 0 0
0.000000 0.000000 0 0 0
0.000000 0.000000 0 0 0
0.000000 0.000000 0 0 0
0.000000 0.000000 0 0 0
0.000000 0.000000 0 0 0
0.000000 0.000000 0 0 0
0.000000 0.000000 0 0 0
0.000000 0.000000 0 0 0
0.000000 0.000000 0 0 0
0.000000 0.000000 0 0 0
0.000000 0.000000 0 0 0
0.000000 0.000000 0 0 0
0.000000 0.000000 0 0 0
0.000000 0.000000 0 0 0
0.000000 0.000000 0 0 0
0.000000 0.000000 0 0 0
0.000000 0.000000 0 0 0
0.000000 0.000000 0 0 0
0.000000 0.000000 0 0 0
0.000000 0.000000 0 0 0
0.000000 0.000000 0 0 0
0.000000 0.000000 0 0 0
0.000000 0.000000 0 0 0
0.000000 0.000000 0 0 0
0.000000 0.000000 0 0 0
0.000000 0.000000 0 0 0
0.000000 0.000000 0 0 0
0.000000 0.000000 0 0 0
0.000000 0.000000 0 0 0
0.000000 0.000000 0 0 0
0.000000 0.000000 0 0 0
0.000000 0.000000 0 0 0
0.000000 0.000000 0 0 0
0.000000 0.000000 0 0 0
0.000000 0.000000 0 0 0
0.000000 0.000000 0 0 0
0.000000 0.000000 0 0 0
0.000000 0.000000 0 0 0
0.000000 0.000000 0 0 0
0.000000 0.000000 0 0 0
0.000000 0.000000 0 0 0
0.000000 0.000000 0 0 0
0.000000 0.000000 0 0 0
0.000000 0.000000 0 0 0
0.000000 0.000000 0 0 0
0.000000 0.000000 0 0 0
0.000000 0.000000 0 0 0
0.000000 0.000000 0 0 0
0.000000 0.000000 0 0 0
0.000000 0.000000 0 0 0
0.000000 0.000000 0 0 0
0.000000 0.000000 0 0 0
0.000000 0.000000 0 0 0
0.000000 0.000000 0 0 0
0.000000 0.000000 0 0 0
0.000000 0.000000 0 0 0
0.000000 0.000000 0 0 0
0.000000 0.000000 0 0 0
0.000000 0.000000 0 0 0
0.000000 0.000000 0 0 0
0.000000 0.000000 0 0 0
0.000000 0.000000 0 0 0
0.000000 0.000000 0 0 0
0.000000 0.000000 0 0 0
0.000000 0.000000 0 0 0
0.000000 0.000000 0 0 0
0.000000 0.000000 0 0 0
0.000000 0.000000 0 0 0
0.000000 0.000000 0 0 0
0.000000 0.000000 0 0 0
0.000000 0.000000 0 0 0
0.000000 0.000000 0 0 0
0.000000 0.000000 0 0 0
0.000000 0.000000 0 0 0
0.000000 0.000000 0 0 0
0.000000 0.000000 0 0 0
0.000000 0.000000 0 0 0
0.000000 0.000000 0 0 0
0.000000 0.000000 0 0 0
0.000000 0.000000 0 0 0
0.000000 0.000000 0 0 0
0.000000 0.000000 0 0 0
0.000000 0.000000 0 0 0
0.000000 0.000000 0 0 0
0.000000 0.000000 0 0 0
0.000000 0.000000 0 0 0
0.000000 0.000000 0 0 0
0.000000 0.000000 0 0 0
0.000000 0.000000 0 0 0
0.000000 0.000000 0 0 0
0.000000 0.000000 0 0 0
0.000000 0.000000 0 0 0
0.000000 0.000000 0 0 0
0.000000 0.000000 0 0 0
0.000000 0.000000 0 0 0
0.000000 0.000000 0 0 0
0.000000 0.000000 0 0 0
0.000000 0.000000 0 0 0
0.000000 0.000000 0 0 0
0.000000 0.000000 0 0 0
0.000000 0.000000 0 0 0
0.000000 0.000000 0 0 0
0.000000 0.000000 0 0 0
0.000000 0.000000 0 0 0
0.000000 0.000000 0 0 0
0.000000 0.000000 0 0 0
0.000000 0.000000 0 0 0
0.000000 0.000000 0 0 0
0.000000 0.000000 0 0 0
0.000000 0.000000 0 0 0
0.000000 0.000000 0 0 0
0.000000 0.000000 0 0 0
0.000000 0.000000 0 0 0
0.000000 0.000000 0 0 0
0.000000 0.000000 0 0 0
0.000000 0.000000 0 0 0
0.000000 0.000000 0 0 0
0.000000 0.000000 0 0 0
0.000000 0.000000 0 0 0
0.000000 0.000000 0 0 0
0.000000 0.000000 0 0 0
0.000000 0.000000 0 0 0
0.000000 0.000000 0 0 0
0.000000 0.000000 0 0 0
0.000000 0.000000 0 0 0
0.000000 0.000000 0 0 0
0.000000 0.000000 0 0 0
0.000000 0.000000 0 0 0
0.000000 0.000000 0 0 0
0.000000 0.000000 0 0 0
0.000000 0.000000 0 0 0
0.000000 0.000000 0 0 0
0.000000 0.000000 0 0 0
0.000000 0.000000 0 0 0
0.000000 0.000000 0 0 0
0.000000 0.000000 0 0 0
0.000000 0.000000 0 0 0
0.000000 0.000000 0 0 0
0.000000 0.000000 0 0 0
0.000000 0.000000 0 0 0
0.000000 0.000000 0 0 0
0.000000 0.000000 0 0 0
0.000000 0.000000 0 0 0
0.000000 0.000000 0 0 0
0.000000 0.000000 0 0 0
0.000000 0.000000 0 0 0
0.000000 0.000000 0 0 0
0.000000 0.000000 0 0 0
0.000000 0.000000 0 0 0
0.000000 0.000000 0 0 0
0.000000 0.000000 0 0 0
0.000000 0.000000 0 0 0
0.000000 0.000000 0 0 0
0.000000 0.000000 0 0 0
0.000000 0.000000 0 0 0
0.000000 0.000000 0 0 0
0.000000 0.000000 0 0 0
0.000000 0.000000 0 0 0
0.000000 0.000000 0 0 0
0.000000 0.000000 0 0 0
0.000000 0.000000 0 0 0
0.000000 0.000000 0 0 0
0.000000 0.000000 0 0 0
0.000000 0.000000 0 0 0
0.000000 0.000000 0 0 0
0.000000 0.000000 0 0 0
0.000000 0.000000 0 0 0
0.000000 0.000000 0 0 0
0.000000 0.000000 0 0 0
0.000000 0.000000 0 0 0
0.000000 0.000000 0 0 0
0.000000 0.000000 0 0 0
0.000000 0.000000 0 0 0
0.000000 0.000000 0 0 0
0.000000 0.000000 0 0 0
0.000000 0.000000 0 0 0
0.000000 0.000000 0 0 0
0.000000 0.000000 0 0 0
0.000000 0.000000 0 0 0
0.000000 0.000000 0 0 0
0.000000 0.000000 0 0 0
0.000000 0.000000 0 0 0
0.000000 0.000000 0 0 0
0.000000 0.000000 0 0 0
0.000000 0.000000 0 0 0
0.000000 0.000000 0 0 0
0.000000 0.000000 0 0 0
0.000000 0.000000 0 0 0
0.000000 0.000000 0 0 0
0.000000 0.000000 0 0 0
0.000000 0.000000 0 0 0
0.000000 0.000000 0 0 0
0.000000 0.000000 0 0 0
0.000000 0.000000 0 0 0
0.000000 0.000000 0 0 0
0.000000 0.000000 0 0 0
0.000000 0.000000 0 0 0
0.000000 0.000000 0 0 0
0.000000 0.000000 0 0 0
0.000000 0.000000 0 0 0
0.000000 0.000000 0 0 0
0.000000 0.000000 0 0 0
0.000000 0.000000 0 0 0
0.000000 0.000000 0 0 0
0.000000 0.000000 0 0 0
0.000000 0.000000 0 0 0
0.000000 0.000000 0 0 0
0.000000 0.000000 0 0 0
0.000000 0.000000 0 0 0
0.000000 0.000000 0 0 0
0.000000 0.000000 0 0 0
0.000000 0.000000 0 0 0
0.000000 0.000000 0 0 0
0.000000 0.000000 0 0 0
0.000000 0.000000 0 0 0
0.000000 0.000000 0 0 0
0.000000 0.000000 0 0 0
0.000000 0.000000 0 0 0
0.000000 0.000000 0 0 0
0.000000 0.000000 0 0 0
0.000000 0.000000 0 0 0
0.000000 0.000000 0 0 0
0.000000 0.000000 0 0 0
0.000000 0.000000 0 0 0
0.000000 0.000000 0 0 0
0.000000 0.000000 0 0 0
0.000000 0.000000 0 0 0
0.000000 0.000000 0 0 0
0.000000 0.000000 0 0 0
0.000000 0.000000 0 0 0
0.000000 0.000000 0 0 0
0.000000 0.000000 0 0 0
0.000000 0.000000 0 0 0
0.000000 0.000000 0 0 0
0.000000 0.000000 0 0 0
0.000000 0.000000 0 0 0
0.000000 0.000000 0 0 0
0.000000 0.000000 0 0 0
0.000000 0.000000 0 0 0
0.000000 0.000000 0 0 0
0.000000 0.000000 0 0 0
0.000000 0.000000 0 0 0
0.000000 0.000000 0 0 0
0.000000 0.000000 0 0 0
0.000000 0.000000 0 0 0
0.000000 0.000000 0 0 0
0.000000 0.000000 0 0 0
0.000000 0.000000 0 0 0
0.000000 0.000000 0 0 0
0.000000 0.000000 0 0 0
0.000000 0.000000 0 0 0
0.000000 0.000000 0 0 0
0.000000 0.000000 0 0 0
0.000000 0.000000 0 0 0
0.000000 0.000000 0 0 0
0.000000 0.000000 0 0 0
0.000000 0.000000 0 0 0
0.000000 0.000000 0 0 0
0.000000 0.000000 0 0 0
0.000000 0.000000 0 0 0
0.000000 0.000000 0 0 0
0.000000 0.000000 0 0 0
0.000000 0.000000 0 0 0
0.000000 0.000000 0 0 0
0.000000 0.000000 0 0 0
0.000000 0.000000 0 0 0
0.000000 0.000000 0 0 0
0.000000 0.000000 0 0 0
0.000000 0.000000 0 0 0
0.000000 0.000000 0 0 0
0.000000 0.000000 0 0 0
0.000000 0.000000 0 0 0
0.000000 0.000000 0 0 0
0.000000 0.000000 0 0 0
0.000000 0.000000 0 0 0
0.000000 0.000000 0 0 0
0.000000 0.000000 0 0 0
0.000000 0.000000 0 0 0
0.000000 0.000000 0 0 0
0.000000 0.000000 0 0 0
0.000000 0.000000 0 0 0
0.000000 0.000000 0 0 0
0.000000 0.000000 0 0 0
0.000000 0.000000 0 0 0
0.000000 0.000000 0 0 0
0.000000 0.000000 0 0 0
0.000000 0.000000 0 0 0
0.000000 0.000000 0 0 0
0.000000 0.000000 0 0 0
0.000000 0.000000 0 0 0
0.000000 0.000000 0 0 0
0.000000 0.000000 0 0 0
0.000000 0.000000 0 0 0
0.000000 0.000000 0 0 0
0.000000 0.000000 0 0 0
0.000000 0.000000 0 0 0
0.000000 0.000000 0 0 0
0.000000 0.000000 0 0 0
0.000000 0.000000 0 0 0
0.000000 0.000000 0 0 0
0.000000 0.000000 0 0 0
0.000000 0.000000 0 0 0
0.000000 0.000000 0 0 0
0.000000 0.000000 0 0 0
0.000000 0.000000 0 0 0
0.000000 0.000000 0 0 0
0.000000 0.000000 0 0 0
0.000000 0.000000 0 0 0
0.000000 0.000000 0 0 0
0.000000 0.000000 0 0 0
0.000000 0.000000 0 0 0
0.000000 0.000000 0 0 0
0.000000 0.000000 0 0 0
0.000000 0.000000 0 0 0
0.000000 0.000000 0 0 0
0.000000 0.000000 0 0 0
0.000000 0.000000 0 0 0
0.000000 0.000000 0 0 0
0.000000 0.000000 0 0 0
0.000000 0.000000 0 0 0
0.000000 0.000000 0 0 0
0.000000 0.000000 0 0 0
0.000000 0.000000 0 0 0
0.000000 0.000000 0 0 0
0.000000 0.000000 0 0 0
0.000000 0.000000 0 0 0
0.000000 0.000000 0 0 0
0.000000 0.000000 0 0 0
0.000000 0.000000 0 0 0
0.000000 0.000000 0 0 0
0.000000 0.000000 0 0 0
0.000000 0.000000 0 0 0
0.000000 0.000000 0 0 0
0.000000 0.000000 0 0 0
0.000000 0.000000 0 0 0
0.000000 0.000000 0 0 0
0.000000 0.000000 0 0 0
0.000000 0.000000 0 0 0
0.000000 0.000000 0 0 0
0.000000 0.000000 0 0 0
0.000000 0.000000 0 0 0
0.000000 0.000000 0 0 0
0.000000 0.000000 0 0 0
0.000000 0.000000 0 0 0
0.000000 0.000000 0 0 0
0.000000 0.000000 0 0 0
0.000000 0.000000 0 0 0
0.000000 0.000000 0 0 0
0.000000 0.000000 0 0 0
0.000000 0.000000 0 0 0
0.000000 0.000000 0 0 0
0.000000 0.000000 0 0 0
0.000000 0.000000 0 0 0
0.000000 0.000000 0 0 0
0.000000 0.000000 0 0 0
0.000000 0.000000 0 0 0
0.000000 0.000000 0 0 0
0.000000 0.000000 0 0 0
0.000000 0.000000 0 0 0
0.000000 0.000000 0 0 0
0.000000 0.000000 0 0 0
0.000000 0.000000 0 0 0
0.000000 0.000000 0 0 0
0.000000 0.000000 0 0 0
0.000000 0.000000 0 0 0
0.000000 0.000000 0 0 0
0.000000 0.000000 0 0 0
0.000000 0.000000 0 0 0
0.000000 0.000000 0 0 0
0.000000 0.000000 0 0 0
0.000000 0.000000 0 0 0
0.000000 0.000000 0 0 0
0.000000 0.000000 0 0 0
0.000000 0.000000 0 0 0
0.000000 0.000000 0 0 0
0.000000 0.000000 0 0 0
0.000000 0.000000 0 0 0
0.000000 0.000000 0 0 0
0.000000 0.000000 0 0 0
0.000000 0.000000 0 0 0
0.000000 0.000000 0 0 0
0.000000 0.000000 0 0 0
0.000000 0.000000 0 0 0
0.000000 0.000000 0 0 0
0.000000 0.000000 0 0 0
0.000000 0.000000 0 0 0
0.000000 0.000000 0 0 0
0.000000 0.000000 0 0 0
0.000000 0.000000 0 0 0
0.000000 0.000000 0 0 0
0.000000 0.000000 0 0 0
0.000000 0.000000 0 0 0
0.000000 0.000000 0 0 0
0.000000 0.000000 0 0 0
0.000000 0.000000 0 0 0
0.000000 0.000000 0 0 0
0.000000 0.000000 0 0 0
0.000000 0.000000 0 0 0
0.000000 0.000000 0 0 0
0.000000 0.000000 0 0 0
0.000000 0.000000 0 0 0
0.000000 0.000000 0 0 0
0.000000 0.000000 0 0 0
0.000000 0.000000 0 0 0
0.000000 0.000000 0 0 0
0.000000 0.000000 0 0 0
0.000000 0.000000 0 0 0
0.000000 0.000000 0 0 0
0.000000 0.000000 0 0 0
0.000000 0.000000 0 0 0
0.000000 0.000000 0 0 0
0.000000 0.000000 0 0 0
0.000000 0.000000 0 0 0
0.000000 0.000000 0 0 0
0.000000 0.000000 0 0 0
0.000000 0.000000 0 0 0
0.000000 0.000000 0 0 0
0.000000 0.000000 0 0 0
0.000000 0.000000 0 0 0
0.000000 0.000000 0 0 0
0.000000 0.000000 0 0 0
0.000000 0.000000 0 0 0
0.000000 0.000000 0 0 0
0.000000 0.000000 0 0 0
0.000000 0.000000 0 0 0
0.000000 0.000000 0 0 0
0.000000 0.000000 0 0 0
0.000000 0.000000 0 0 0
0.000000 0.000000 0 0 0
0.000000 0.000000 0 0 0
0.000000 0.000000 0 0 0
0.000000 0.000000 0 0 0
0.000000 0.000000 0 0 0
0.000000 0.000000 0 0 0
0.000000 0.000000 0 0 0
0.000000 0.000000 0 0 0
0.000000 0.000000 0 0 0
0.000000 0.000000 0 0 0
0.000000 0.000000 0 0 0
0.000000 0.000000 0 0 0
0.000000 0.000000 0 0 0
0.000000 0.000000 0 0 0
0.000000 0.000000 0 0 0
0.000000 0.000000 0 0 0
0.000000 0.000000 0 0 0
0.000000 0.000000 0 0 0
0.000000 0.000000 0 0 0
0.000000 0.000000 0 0 0
0.000000 0.000000 0 0 0
0.000000 0.000000 0 0 0
0.000000 0.000000 0 0 0
0.000000 0.000000 0 0 0
0.000000 0.000000 0 0 0
0.000000 0.000000 0 0 0
0.000000 0.000000 0 0 0
0.000000 0.000000 0 0 0
0.000000 0.000000 0 0 0
0.000000 0.000000 0 0 0
0.000000 0.000000 0 0 0
0.000000 0.000000 0 0 0
0.000000 0.000000 0 0 0
0.000000 0.000000 0 0 0
0.000000 0.000000 0 0 0
0.000000 0.000000 0 0 0
0.000000 0.000000 0 0 0
0.000000 0.000000 0 0 0
0.000000 0.000000 0 0 0
0.000000 0.000000 0 0 0
0.000000 0.000000 0 0 0
0.000000 0.000000 0 0 0
0.000000 0.000000 0 0 0
0.000000 0.000000 0 0 0
0.000000 0.000000 0 0 0
0.000000 0.000000 0 0 0
0.000000 0.000000 0 0 0
0.000000 0.000000 0 0 0
0.000000 0.000000 0 0 0
0.000000 0.000000 0 0 0
0.000000 0.000000 0 0 0
0.000000 0.000000 0 0 0
0.000000 0.000000 0 0 0
0.000000 0.000000 0 0 0
0.000000 0.000000 0 0 0
0.000000 0.000000 0 0 0
0.000000 0.000000 0 0 0
0.000000 0.000000 0 0 0
0.000000 0.000000 0 0 0
0.000000 0.000000 0 0 0
0.000000 0.000000 0 0 0
0.000000 0.000000 0 0 0
0.000000 0.000000 0 0 0
0.000000 0.000000 0 0 0
0.000000 0.000000 0 0 0
0.000000 0.000000 0 0 0
0.000000 0.000000 0 0 0
0.000000 0.000000 0 0 0
0.000000 0.000000 0 0 0
0.000000 0.000000 0 0 0
0.000000 0.000000 0 0 0
0.000000 0.000000 0 0 0
0.000000 0.000000 0 0 0
0.000000 0.000000 0 0 0
0.000000 0.000000 0 0 0
0.000000 0.000000 0 0 0
0.000000 0.000000 0 0 0
0.000000 0.000000 0 0 0
0.000000 0.000000 0 0 0
0.000000 0.000000 0 0 0
0.000000 0.000000 0 0 0
0.000000 0.000000 0 0 0
0.000000 0.000000 0 0 0
0.000000 0.000000 0 0 0
0.000000 0.000000 0 0 0
0.000000 0.000000 0 0 0
0.000000 0.000000 0 0 0
0.000000 0.000000 0 0 0
0.000000 0.000000 0 0 0
0.000000 0.000000 0 0 0
0.000000 0.000000 0 0 0
0.000000 0.000000 0 0 0
0.000000 0.000000 0 0 0
0.000000 0.000000 0 0 0
0.000000 0.000000 0 0 0
0.000000 0.000000 0 0 0
0.000000 0.000000 0 0 0
0.000000 0.000000 0 0 0
0.000000 0.000000 0 0 0
0.000000 0.000000 0 0 0
0.000000 0.000000 0 0 0
0.000000 0.000000 0 0 0
0.000000 0.000000 0 0 0
0.000000 0.000000 0 0 0
0.000000 0.000000 0 0 0
0.000000 0.000000 0 0 0
0.000000 0.000000 0 0 0
0.000000 0.000000 0 0 0
0.000000 0.000000 0 0 0
0.000000 0.000000 0 0 0
0.000000 0.000000 0 0 0
0.000000 0.000000 0 0 0
0.000000 0.000000 0 0 0
0.000000 0.000000 0 0 0
0.000000 0.000000 0 0 0
0.000000 0.000000 0 0 0
0.000000 0.000000 0 0 0
0.000000 0.000000 0 0 0
0.000000 0.000000 0 0 0
0.000000 0.000000 0 0 0
0.000000 0.000000 0 0 0
0.000000 0.000000 0 0 0
0.000000 0.000000 0 0 0
0.000000 0.000000 0 0 0
0.000000 0.000000 0 0 0
0.000000 0.000000 0 0 0
0.000000 0.000000 0 0 0
0.000000 0.000000 0 0 0
0.000000 0.000000 0 0 0
0.000000 0.000000 0 0 0
0.000000 0.000000 0 0 0
0.000000 0.000000 0 0 0
0.000000 0.000000 0 0 0
0.000000 0.000000 0 0 0
0.000000 0.000000 0 0 0
0.000000 0.000000 0 0 0
0.000000 0.000000 0 0 0
0.000000 0.000000 0 0 0
0.000000 0.000000 0 0 0
0.000000 0.000000 0 0 0
0.000000 0.000000 0 0 0
0.000000 0.000000 0 0 0
0.000000 0.000000 0 0 0
0.000000 0.000000 0 0 0
0.000000 0.000000 0 0 0
0.000000 0.000000 0 0 0
0.000000 0.000000 0 0 0
0.000000 0.000000 0 0 0
0.000000 0.000000 0 0 0
0.000000 0.000000 0 0 0
0.000000 0.000000 0 0 0
0.000000 0.000000 0 0 0
0.000000 0.000000 0 0 0
0.000000 0.000000 0 0 0
0.000000 0.000000 0 0 0
0.000000 0.000000 0 0 0
0.000000 0.000000 0 0 0
0.000000 0.000000 0 0 0
0.000000 0.000000 0 0 0
0.000000 0.000000 0 0 0
0.000000 0.000000 0 0 0
0.000000 0.000000 0 0 0
0.000000 0.000000 0 0 0
0.000000 0.000000 0 0 0
0.000000 0.000000 0 0 0
0.000000 0.000000 0 0 0
0.000000 0.000000 0 0 0
0.000000 0.000000 0 0 0
0.000000 0.000000 0 0 0
0.000000 0.000000 0 0 0
0.000000 0.000000 0 0 0
0.000000 0.000000 0 0 0
0.000000 0.000000 0 0 0
0.000000 0.000000 0 0 0
0.000000 0.000000 0 0 0
0.000000 0.000000 0 0 0
0.000000 0.000000 0 0 0
0.000000 0.000000 0 0 0
0.000000 0.000000 0 0 0
0.000000 0.000000 0 0 0
0.000000 0.000000 0 0 0
0.000000 0.000000 0 0 0
0.000000 0.000000 0 0 0
0.000000 0.000000 0 0 0
0.000000 0.000000 0 0 0
0.000000 0.000000 0 0 0
0.000000 0.000000 0 0 0
0.000000 0.000000 0 0 0
0.000000 0.000000 0 0 0
0.000000 0.000000 0 0 0
0.000000 0.000000 0 0 0
0.000000 0.000000 0 0 0
0.000000 0.000000 0 0 0
0.000000 0.000000 0 0 0
0.000000 0.000000 0 0 0
0.000000 0.000000 0 0 0
0.000000 0.000000 0 0 0
0.000000 0.000000 0 0 0
0.000000 0.000000 0 0 0
0.000000 0.000000 0 0 0
0.000000 0.000000 0 0 0
0.000000 0.000000 0 0 0
0.000000 0.000000 0 0 0
0.000000 0.000000 0 0 0
0.000000 0.000000 0 0 0
0.000000 0.000000 0 0 0
0.000000 0.000000 0 0 0
0.000000 0.000000 0 0 0
0.000000 0.000000 0 0 0
0.000000 0.000000 0 0 0
0.000000 0.000000 0 0 0
0.000000 0.000000 0 0 0
0.000000 0.000000 0 0 0
0.000000 0.000000 0 0 0
0.000000 0.000000 0 0 0
0.000000 0.000000 0 0 0
0.000000 0.000000 0 0 0
0.000000 0.000000 0 0 0
0.000000 0.000000 0 0 0
0.000000 0.000000 0 0 0
0.000000 0.000000 0 0 0
0.000000 0.000000 0 0 0
0.000000 0.000000 0 0 0
0.000000 0.000000 0 0 0
0.000000 0.000000 0 0 0
0.000000 0.000000 0 0 0
0.000000 0.000000 0 0 0
0.000000 0.000000 0 0 0
0.000000 0.000000 0 0 0
0.000000 0.000000 0 0 0
0.000000 0.000000 0 0 0
0.000000 0.000000 0 0 0
0.000000 0.000000 0 0 0
0.000000 0.000000 0 0 0
0.000000 0.000000 0 0 0
0.000000 0.000000 0 0 0
0.000000 0.000000 0 0 0
0.000000 0.000000 0 0 0
0.000000 0.000000 0 0 0
0.000000 0.000000 0 0 0
0.000000 0.000000 0 0 0
0.000000 0.000000 0 0 0
0.000000 0.000000 0 0 0
0.000000 0.000000 0 0 0
0.000000 0.000000 0 0 0
0.000000 0.000000 0 0 0
0.000000 0.000000 0 0 0
0.000000 0.000000 0 0 0
0.000000 0.000000 0 0 0
0.000000 0.000000 0 0 0
0.000000 0.000000 0 0 0
0.000000 0.000000 0 0 0
0.000000 0.000000 0 0 0
0.000000 0.000000 0 0 0
0.000000 0.000000 0 0 0
0.000000 0.000000 0 0 0
0.000000 0.000000 0 0 0
0.000000 0.000000 0 0 0
0.000000 0.000000 0 0 0
0.000000 0.000000 0 0 0
0.000000 0.000000 0 0 0
0.000000 0.000000 0 0 0
0.000000 0.000000 0 0 0
0.000000 0.000000 0 0 0
0.000000 0.000000 0 0 0
0.000000 0.000000 0 0 0
0.000000 0.000000 0 0 0
0.000000 0.000000 0 0 0
0.000000 0.000000 0 0 0
0.000000 0.000000 0 0 0
0.000000 0.000000 0 0 0
0.000000 0.000000 0 0 0
0.000000 0.000000 0 0 0
0.000000 0.000000 0 0 0
0.000000 0.000000 0 0 0
0.000000 0.000000 0 0 0
0.000000 0.000000 0 0 0
0.000000 0.000000 0 0 0
0.000000 0.000000 0 0 0
0.000000 0.000000 0 0 0
0.000000 0.000000 0 0 0
0.000000 0.000000 0 0 0
0.000000 0.000000 0 0 0
0.000000 0.000000 0 0 0
0.000000 0.000000 0 0 0
0.000000 0.000000 0 0 0
0.000000 0.000000 0 0 0
0.000000 0.000000 0 0 0
0.000000 0.000000 0 0 0
0.000000 0.000000 0 0 0
0.000000 0.000000 0 0 0
0.000000 0.000000 0 0 0
0.000000 0.000000 0 0 0
0.000000 0.000000 0 0 0
0.000000 0.000000 0 0 0
0.000000 0.000000 0 0 0
0.000000 0.000000 0 0 0
0.000000 0.000000 0 0 0
0.000000 0.000000 0 0 0
0.000000 0.000000 0 0 0
0.000000 0.000000 0 0 0
0.000000 0.000000 0 0 0
0.000000 0.000000 0 0 0
0.000000 0.000000 0 0 0
0.000000 0.000000 0 0 0
0.000000 0.000000 0 0 0
0.000000 0.000000 0 0 0
0.000000 0.000000 0 0 0
0.000000 0.000000 0 0 0
0.000000 0.000000 0 0 0
0.000000 0.000000 0 0 0
0.000000 0.000000 0 0 0
0.000000 0.000000 0 0 0
0.000000 0.000000 0 0 0
0.000000 0.000000 0 0 0
0.000000 0.000000 0 0 0
0.000000 0.000000 0 0 0
0.000000 0.000000 0 0 0
0.000000 0.000000 0 0 0
0.000000 0.000000 0 0 0
0.000000 0.000000 0 0 0
0.000000 0.000000 0 0 0
0.000000 0.000000 0 0 0
0.000000 0.000000 0 0 0
0.000000 0.000000 0 0 0
0.000000 0.000000 0 0 0
0.000000 0.000000 0 0 0
0.000000 0.000000 0 0 0
0.000000 0.000000 0 0 0
0.000000 0.000000 0 0 0
0.000000 0.000000 0 0 0
0.000000 0.000000 0 0 0
0.000000 0.000000 0 0 0
0.000000 0.000000 0 0 0
0.000000 0.000000 0 0 0
0.000000 0.000000 0 0 0
0.000000 0.000000 0 0 0
0.000000 0.000000 0 0 0
0.000000 0.000000 0 0 0
0.000000 0.000000 0 0 0
0.000000 0.000000 0 0 0
0.000000 0.000000 0 0 0
0.000000 0.000000 0 0 0
0.000000 0.000000 0 0 0
0.000000 0.000000 0 0 0
0.000000 0.000000 0 0 0
0.000000 0.000000 0 0 0
0.000000 0.000000 0 0 0
0.000000 0.000000 0 0 0
0.000000 0.000000 0 0 0
0.000000 0.000000 0 0 0
0.000000 0.000000 0 0 0
0.000000 0.000000 0 0 0
0.000000 0.000000 0 0 0
0.000000 0.000000 0 0 0
0.000000 0.000000 0 0 0
0.000000 0.000000 0 0 0
0.000000 0.000000 0 0 0
0.000000 0.000000 0 0 0
0.000000 0.000000 0 0 0
0.000000 0.000000 0 0 0
0.000000 0.000000 0 0 0
0.000000 0.000000 0 0 0
0.000000 0.000000 0 0 0
0.000000 0.000000 0 0 0
0.000000 0.000000 0 0 0
0.000000 0.000000 0 0 0
0.000000 0.000000 0 0 0
0.000000 0.000000 0 0 0
0.000000 0.000000 0 0 0
0.000000 0.000000 0 0 0
0.000000 0.000000 0 0 0
0.000000 0.000000 0 0 0
0.000000 0.000000 0 0 0
0.000000 0.000000 0 0 0
0.000000 0.000000 0 0 0
0.000000 0.000000 0 0 0
0.000000 0.000000 0 0 0
0.000000 0.000000 0 0 0
0.000000 0.000000 0 0 0
0.000000 0.000000 0 0 0
0.000000 0.000000 0 0 0
0.000000 0.000000 0 0 0
0.000000 0.000000 0 0 0
0.000000 0.000000 0 0 0
0.000000 0.000000 0 0 0
0.000000 0.000000 0 0 0
0.000000 0.000000 0 0 0
0.000000 0.000000 0 0 0
0.000000 0.000000 0 0 0
0.000000 0.000000 0 0 0
0.000000 0.000000 0 0 0
0.000000 0.000000 0 0 0
0.000000 0.000000 0 0 0
0.000000 0.000000 0 0 0
0.000000 0.000000 0 0 0
0.000000 0.000000 0 0 0
0.000000 0.000000 0 0 0
0.000000 0.000000 0 0 0
0.000000 0.000000 0 0 0
0.000000 0.000000 0 0 0
0.000000 0.000000 0 0 0
0.000000 0.000000 0 0 0
0.000000 0.000000 0 0 0
0.000000 0.000000 0 0 0
0.000000 0.000000 0 0 0
0.000000 0.000000 0 0 0
0.000000 0.000000 0 0 0
0.000000 0.000000 0 0 0
0.000000 0.000000 0 0 0
0.000000 0.000000 0 0 0
0.000000 0.000000 0 0 0
0.000000 0.000000 0 0 0
0.000000 0.000000 0 0 0
0.000000 0.000000 0 0 0
0.000000 0.000000 0 0 0
0.000000 0.000000 0 0 0
0.000000 0.000000 0 0 0
0.000000 0.000000 0 0 0
0.000000 0.000000 0 0 0
0.000000 0.000000 0 0 0
0.000000 0.000000 0 0 0
0.000000 0.000000 0 0 0
0.000000 0.000000 0 0 0
0.000000 0.000000 0 0 0
0.000000 0.000000 0 0 0
0.000000 0.000000 0 0 0
0.000000 0.000000 0 0 0
0.000000 0.000000 0 0 0
0.000000 0.000000 0 0 0
0.000000 0.000000 0 0 0
0.000000 0.000000 0 0 0
0.000000 0.000000 0 0 0
0.000000 0.000000 0 0 0
0.000000 0.000000 0 0 0
0.000000 0.000000 0 0 0
0.000000 0.000000 0 0 0
0.000000 0.000000 0 0 0
0.000000 0.000000 0 0 0
0.000000 0.000000 0 0 0
0.000000 0.000000 0 0 0
0.000000 0.000000 0 0 0
0.000000 0.000000 0 0 0
0.000000 0.000000 0 0 0
0.000000 0.000000 0 0 0
0.000000 0.000000 0 0 0
0.000000 0.000000 0 0 0
0.000000 0.000000 0 0 0
0.000000 0.000000 0 0 0
0.000000 0.000000 0 0 0
0.000000 0.000000 0 0 0
0.000000 0.000000 0 0 0
0.000000 0.000000 0 0 0
0.000000 0.000000 0 0 0
0.000000 0.000000 0 0 0
0.000000 0.000000 0 0 0
0.000000 0.000000 0 0 0
0.000000 0.000000 0 0 0
0.000000 0.000000 0 0 0
0.000000 0.000000 0 0 0
0.000000 0.000000 0 0 0
0.000000 0.000000 0 0 0
0.000000 0.000000 0 0 0
0.000000 0.000000 0 0 0
0.000000 0.000000 0 0 0
0.000000 0.000000 0 0 0
0.000000 0.000000 0 0 0
0.000000 0.000000 0 0 0
0.000000 0.000000 0 0 0
0.000000 0.000000 0 0 0
0.000000 0.000000 0 0 0
0.000000 0.000000 0 0 0
0.000000 0.000000 0 0 0
0.000000 0.000000 0 0 0
0.000000 0.000000 0 0 0
0.000000 0.000000 0 0 0
0.000000 0.000000 0 0 0
0.000000 0.000000 0 0 0
0.000000 0.000000 0 0 0
0.000000 0.000000 0 0 0
0.000000 0.000000 0 0 0
0.000000 0.000000 0 0 0
0.000000 0.000000 0 0 0
0.000000 0.000000 0 0 0
0.000000 0.000000 0 0 0
0.000000 0.000000 0 0 0
0.000000 0.000000 0 0 0
0.000000 0.000000 0 0 0
0.000000 0.000000 0 0 0
0.000000 0.000000 0 0 0
0.000000 0.000000 0 0 0
0.000000 0.000000 0 0 0
0.000000 0.000000 0 0 0
0.000000 0.000000 0 0 0
0.000000 0.000000 0 0 0
0.000000 0.000000 0 0 0
0.000000 0.000000 0 0 0
0.000000 0.000000 0 0 0
0.000000 0.000000 0 0 0
0.000000 0.000000 0 0 0
0.000000 0.000000 0 0 0
0.000000 0.000000 0 0 0
0.000000 0.000000 0 0 0
0.000000 0.000000 0 0 0
0.000000 0.000000 0 0 0
0.000000 0.000000 0 0 0
0.000000 0.000000 0 0 0
0.000000 0.000000 0 0 0
0.000000 0.000000 0 0 0
0.000000 0.000000 0 0 0
0.000000 0.000000 0 0 0
0.000000 0.000000 0 0 0
0.000000 0.000000 0 0 0
0.000000 0.000000 0 0 0
0.000000 0.000000 0 0 0
0.000000 0.000000 0 0 0
0.000000 0.000000 0 0 0
0.000000 0.000000 0 0 0
0.000000 0.000000 0 0 0
0.000000 0.000000 0 0 0
0.000000 0.000000 0 0 0
0.000000 0.000000 0 0 0
0.000000 0.000000 0 0 0
0.000000 0.000000 0 0 0
0.000000 0.000000 0 0 0
0.000000 0.000000 0 0 0
0.000000 0.000000 0 0 0
0.000000 0.000000 0 0 0
0.000000 0.000000 0 0 0
0.000000 0.000000 0 0 0
0.000000 0.000000 0 0 0
0.000000 0.000000 0 0 0
0.000000 0.000000 0 0 0
0.000000 0.000000 0 0 0
0.000000 0.000000 0 0 0
0.000000 0.000000 0 0 0
0.000000 0.000000 0 0 0
0.000000 0.000000 0 0 0
0.000000 0.000000 0 0 0
0.000000 0.000000 0 0 0
0.000000 0.000000 0 0 0
0.000000 0.000000 0 0 0
0.000000 0.000000 0 0 0
0.000000 0.000000 0 0 0
0.000000 0.000000 0 0 0
0.000000 0.000000 0 0 0
0.000000 0.000000 0 0 0
0.000000 0.000000 0 0 0
0.000000 0.000000 0 0 0
0.000000 0.000000 0 0 0
0.000000 0.000000 0 0 0
0.000000 0.000000 0 0 0
0.000000 0.000000 0 0 0
0.000000 0.000000 0 0 0
0.000000 0.000000 0 0 0
0.000000 0.000000 0 0 0
0.000000 0.000000 0 0 0
0.000000 0.000000 0 0 0
0.000000 0.000000 0 0 0
0.000000 0.000000 0 0 0
0.000000 0.000000 0 0 0
0.000000 0.000000 0 0 0
0.000000 0.000000 0 0 0
0.000000 0.000000 0 0 0
0.000000 0.000000 0 0 0
0.000000 0.000000 0 0 0
0.000000 0.000000 0 0 0
0.000000 0.000000 0 0 0
0.000000 0.000000 0 0 0
0.000000 0.000000 0 0 0
0.000000 0.000000 0 0 0
0.000000 0.000000 0 0 0
0.000000 0.000000 0 0 0
0.000000 0.000000 0 0 0
0.000000 0.000000 0 0 0
0.000000 0.000000 0 0 0
0.000000 0.000000 0 0 0
0.000000 0.000000 0 0 0
0.000000 0.000000 0 0 0
0.000000 0.000000 0 0 0
0.000000 0.000000 0 0 0
0.000000 0.000000 0 0 0
0.000000 0.000000 0 0 0
0.000000 0.000000 0 0 0
0.000000 0.000000 0 0 0
0.000000 0.000000 0 0 0
0.000000 0.000000 0 0 0
0.000000 0.000000 0 0 0
0.000000 0.000000 0 0 0
0.000000 0.000000 0 0 0
0.000000 0.000000 0 0 0
0.000000 0.000000 0 0 0
0.000000 0.000000 0 0 0
0.000000 0.000000 0 0 0
0.000000 0.000000 0 0 0
0.000000 0.000000 0 0 0
0.000000 0.000000 0 0 0
0.000000 0.000000 0 0 0
0.000000 0.000000 0 0 0
0.000000 0.000000 0 0 0
0.000000 0.000000 0 0 0
0.000000 0.000000 0 0 0
0.000000 0.000000 0 0 0
0.000000 0.000000 0 0 0
0.000000 0.000000 0 0 0
0.000000 0.000000 0 0 0
0.000000 0.000000 0 0 0
0.000000 0.000000 0 0 0
0.000000 0.000000 0 0 0
0.000000 0.000000 0 0 0
0.000000 0.000000 0 0 0
0.000000 0.000000 0 0 0
0.000000 0.000000 0 0 0
0.000000 0.000000 0 0 0
0.000000 0.000000 0 0 0
1
775 231 3
0 0 0
0 0 0
